+------+-------+------+
|userId|movieId|rating|
+------+-------+------+
|     1|      1|   4.0|
|     1|      3|   4.0|
|     1|      6|   4.0|
+------+-------+------+
only showing top 3 rows

+-------+------------------+----------------+------------------+
|summary|            userId|         movieId|            rating|
+-------+------------------+----------------+------------------+
|  count|            100836|          100836|            100836|
|   mean|326.12756356856676|19435.2957177992| 3.501556983616962|
| stddev| 182.6184914635004|35530.9871987003|1.0425292390606342|
|    min|                 1|               1|               0.5|
|    max|               610|          193609|               5.0|
+-------+------------------+----------------+------------------+

+------+-------+------+----------+
|userId|movieId|rating|prediction|
+------+-------+------+----------+
|   133|    471|   4.0| 2.3744652|
|   182|    471|   4.5| 3.9487386|
|   500|    471|   1.0| 1.7686203|
|   610|    471|   4.0| 3.4043903|
|   287|    471|   4.5| 3.8798578|
|   608|    471|   1.5| 2.7066636|
|   426|    471|   5.0|  5.286298|
|   104|    471|   4.5| 3.7129037|
|   111|   1088|   3.0| 3.4224975|
|   132|   1088|   4.0|  3.147995|
|   169|   1088|   4.5|  4.684095|
|   286|   1088|   3.5| 3.8679013|
|   583|   1088|   3.5| 3.3300574|
|   509|   1088|   3.0| 2.8417034|
|    10|   1088|   3.0| 1.6051838|
|   414|   1088|   3.0| 2.8782196|
|   188|   1088|   4.0| 3.5543456|
|   116|   1088|   4.5|  2.154611|
|   599|   1342|   2.5| 3.5543818|
|   608|   1342|   2.0| 3.5349405|
+------+-------+------+----------+
only showing top 20 rows

RMSE: nan
+------+-------+
|userId|movieId|
+------+-------+
|    12|    222|
|    12|    357|
|    12|   1876|
|    12|   2421|
|    12|   3668|
|    12|   3967|
|    12|  40629|
|    12|  63992|
+------+-------+

+------+-------+----------+
|userId|movieId|prediction|
+------+-------+----------+
|    12|    222| 4.8697534|
|    12|  63992| 2.4164948|
|    12|   3967| 4.3254747|
|    12|  40629|  4.296525|
|    12|   1876| 3.6489956|
|    12|   2421|  4.539244|
|    12|    357|  3.879443|
|    12|   3668| 3.1791666|
+------+-------+----------+

+------+-------+----------+
|userId|movieId|prediction|
+------+-------+----------+
|    12|    222| 4.8697534|
|    12|   2421|  4.539244|
|    12|   3967| 4.3254747|
|    12|  40629|  4.296525|
|    12|    357|  3.879443|
|    12|   1876| 3.6489956|
|    12|   3668| 3.1791666|
|    12|  63992| 2.4164948|
+------+-------+----------+

